0 0 -5.393369e-20 -6.072879e-20 
0 7.692308e-02 -5.536426e-20 8.299762e-20 
0 1.538462e-01 -5.395137e-20 -9.496731e-20 
0 2.307692e-01 -5.371872e-20 1.229579e-18 
0 3.076923e-01 -7.873848e-20 -1.018772e-18 
0 3.846154e-01 -5.174705e-20 -2.045485e-18 
0 4.615385e-01 4.818233e-21 2.756273e-18 
0 5.384615e-01 -8.180868e-20 -4.638439e-18 
0 6.153846e-01 -2.996712e-20 7.256242e-19 
0 6.923077e-01 -9.438000e-20 -4.889437e-19 
0 7.692308e-01 -1.502680e-19 1.848847e-18 
0 8.461538e-01 1.074508e-19 2.586987e-18 
0 9.230769e-01 -2.428778e-19 -8.322158e-19 
0 1 1.894797e-19 -4.493142e-18 
7.692308e-02 0 3.430205e-20 -5.525229e-20 
7.692308e-02 7.692308e-02 -6.570758e-23 3.808433e-20 
7.692308e-02 1.538462e-01 -2.391314e-19 7.452805e-20 
7.692308e-02 2.307692e-01 1.824968e-19 1.166942e-18 
7.692308e-02 3.076923e-01 -6.780990e-20 -6.405924e-19 
7.692308e-02 3.846154e-01 -1.480689e-19 -2.038195e-18 
7.692308e-02 4.615385e-01 -5.372892e-21 2.748650e-18 
7.692308e-02 5.384615e-01 -2.985544e-19 -4.033841e-18 
7.692308e-02 6.153846e-01 2.365626e-19 3.634765e-19 
7.692308e-02 6.923077e-01 1.944578e-19 -6.852006e-19 
7.692308e-02 7.692308e-01 -5.613683e-19 2.722825e-18 
7.692308e-02 8.461538e-01 5.184042e-19 2.896060e-18 
7.692308e-02 9.230769e-01 -5.910085e-19 4.508550e-19 
7.692308e-02 1 8.283861e-19 -3.938127e-18 
1.538462e-01 0 -4.739459e-19 -1.027654e-19 
1.538462e-01 7.692308e-02 2.444460e-20 -4.083832e-20 
1.538462e-01 1.538462e-01 -2.549864e-19 -8.465353e-20 
1.538462e-01 2.307692e-01 1.401633e-19 1.467365e-18 
1.538462e-01 3.076923e-01 -1.556740e-19 -1.087006e-18 
1.538462e-01 3.846154e-01 -2.725661e-19 -1.972657e-18 
1.538462e-01 4.615385e-01 -2.505585e-19 2.754485e-18 
1.538462e-01 5.384615e-01 1.625859e-19 -4.275432e-18 
1.538462e-01 6.153846e-01 -9.429889e-20 1.074485e-18 
1.538462e-01 6.923077e-01 -2.860856e-19 -9.866773e-19 
1.538462e-01 7.692308e-01 2.622646e-19 2.175526e-18 
1.538462e-01 8.461538e-01 -5.990667e-19 2.697911e-18 
1.538462e-01 9.230769e-01 6.768797e-19 -1.687269e-20 
1.538462e-01 1 -3.077641e-19 -4.737462e-18 
2.307692e-01 0 7.956206e-19 1.185325e-19 
2.307692e-01 7.692308e-02 3.288190e-19 3.321955e-19 
2.307692e-01 1.538462e-01 4.189085e-19 2.959074e-19 
2.307692e-01 2.307692e-01 4.792223e-19 1.141777e-18 
2.307692e-01 3.076923e-01 4.271117e-19 -2.559608e-19 
2.307692e-01 3.846154e-01 3.522172e-19 -1.759750e-18 
2.307692e-01 4.615385e-01 4.559119e-19 3.320315e-18 
2.307692e-01 5.384615e-01 2.363801e-19 -3.620842e-18 
2.307692e-01 6.153846e-01 9.955554e-19 7.423667e-19 
2.307692e-01 6.923077e-01 -3.331256e-19 7.140090e-19 
2.307692e-01 7.692308e-01 7.184472e-19 3.202002e-18 
2.307692e-01 8.461538e-01 7.928341e-19 3.591048e-18 
2.307692e-01 9.230769e-01 -5.608207e-20 9.672597e-19 
2.307692e-01 1 -8.286035e-21 -3.449398e-18 
3.076923e-01 0 2.423642e-19 -3.373900e-19 
3.076923e-01 7.692308e-02 -9.313396e-19 -3.904728e-19 
3.076923e-01 1.538462e-01 -6.710230e-19 -4.189481e-19 
3.076923e-01 2.307692e-01 -3.822159e-19 1.293114e-18 
3.076923e-01 3.076923e-01 -8.001317e-19 -1.157440e-18 
3.076923e-01 3.846154e-01 -1.094920e-18 -2.525977e-18 
3.076923e-01 4.615385e-01 -5.203579e-19 2.103029e-18 
3.076923e-01 5.384615e-01 -7.553277e-19 -4.759921e-18 
3.076923e-01 6.153846e-01 -3.066904e-19 3.303137e-19 
3.076923e-01 6.923077e-01 -1.164627e-18 -2.040060e-18 
3.076923e-01 7.692308e-01 -1.628782e-19 1.263889e-18 
3.076923e-01 8.461538e-01 -8.244715e-19 2.293367e-18 
3.076923e-01 9.230769e-01 -4.381721e-19 -9.412857e-19 
3.076923e-01 1 -2.666056e-18 -6.376784e-18 
3.846154e-01 0 -1.365915e-18 1.896711e-19 
3.846154e-01 7.692308e-02 4.222013e-21 2.906722e-19 
3.846154e-01 1.538462e-01 -4.854732e-19 3.367197e-19 
3.846154e-01 2.307692e-01 -2.092605e-19 1.295952e-18 
3.846154e-01 3.076923e-01 3.793447e-20 -1.100782e-18 
3.846154e-01 3.846154e-01 -6.423544e-19 -1.627837e-18 
3.846154e-01 4.615385e-01 -2.019296e-19 3.288574e-18 
3.846154e-01 5.384615e-01 8.858019e-20 -3.400278e-18 
3.846154e-01 6.153846e-01 -7.148970e-19 1.292593e-18 
3.846154e-01 6.923077e-01 -6.015313e-19 -2.314620e-19 
3.846154e-01 7.692308e-01 3.293369e-19 2.690564e-18 
3.846154e-01 8.461538e-01 1.506270e-19 3.308386e-18 
3.846154e-01 9.230769e-01 -1.993586e-18 -6.237354e-19 
3.846154e-01 1 3.963242e-18 -2.445001e-18 
4.615385e-01 0 3.332010e-18 2.369228e-19 
4.615385e-01 7.692308e-02 5.587812e-19 3.541397e-19 
4.615385e-01 1.538462e-01 1.322855e-18 -3.845755e-19 
4.615385e-01 2.307692e-01 1.142672e-18 1.722977e-18 
4.615385e-01 3.076923e-01 1.960070e-18 -2.366403e-19 
4.615385e-01 3.846154e-01 -3.255675e-19 -1.870135e-18 
4.615385e-01 4.615385e-01 2.320667e-18 3.284822e-18 
4.615385e-01 5.384615e-01 6.091465e-19 -5.004106e-18 
4.615385e-01 6.153846e-01 2.110146e-18 -1.148935e-19 
4.615385e-01 6.923077e-01 -1.700395e-19 1.402979e-19 
4.615385e-01 7.692308e-01 1.900187e-18 2.208137e-18 
4.615385e-01 8.461538e-01 1.608709e-18 3.086147e-18 
4.615385e-01 9.230769e-01 8.200943e-19 9.188856e-19 
4.615385e-01 1 -8.105360e-19 -5.001958e-18 
5.384615e-01 0 -5.967095e-18 -1.505557e-18 
5.384615e-01 7.692308e-02 -2.226161e-18 -1.330590e-18 
5.384615e-01 1.538462e-01 -2.390335e-18 -3.139313e-19 
5.384615e-01 2.307692e-01 -2.214075e-18 3.334778e-19 
5.384615e-01 3.076923e-01 -2.626917e-18 -1.671981e-18 
5.384615e-01 3.846154e-01 -2.926834e-18 -3.376411e-18 
5.384615e-01 4.615385e-01 -2.080497e-18 1.891957e-18 
5.384615e-01 5.384615e-01 -3.278790e-18 -4.180133e-18 
5.384615e-01 6.153846e-01 -2.084035e-18 2.289653e-19 
5.384615e-01 6.923077e-01 -2.616954e-18 -1.007001e-18 
5.384615e-01 7.692308e-01 -2.336635e-18 1.925468e-18 
5.384615e-01 8.461538e-01 -2.710668e-18 1.739270e-18 
5.384615e-01 9.230769e-01 -2.594325e-18 -3.573453e-19 
5.384615e-01 1 -1.265023e-19 -4.288659e-18 
6.153846e-01 0 -2.223052e-18 1.505166e-18 
6.153846e-01 7.692308e-02 -1.166427e-18 1.591691e-18 
6.153846e-01 1.538462e-01 -8.098079e-19 1.110483e-18 
6.153846e-01 2.307692e-01 -1.317940e-18 2.220327e-18 
6.153846e-01 3.076923e-01 -1.310508e-18 -1.882170e-19 
6.153846e-01 3.846154e-01 -1.969531e-18 -8.491466e-19 
6.153846e-01 4.615385e-01 -3.015211e-19 3.424072e-18 
6.153846e-01 5.384615e-01 -1.568713e-18 -3.959340e-18 
6.153846e-01 6.153846e-01 -1.294419e-18 1.038017e-18 
6.153846e-01 6.923077e-01 -1.755121e-18 -1.476723e-18 
6.153846e-01 7.692308e-01 -7.624831e-19 2.371576e-18 
6.153846e-01 8.461538e-01 -3.341970e-19 3.906550e-18 
6.153846e-01 9.230769e-01 -3.130568e-18 -6.280083e-20 
6.153846e-01 1 2.233161e-18 -4.511792e-18 
6.923077e-01 0 4.825933e-18 -1.526878e-19 
6.923077e-01 7.692308e-02 3.881999e-18 -1.011204e-19 
6.923077e-01 1.538462e-01 3.962609e-18 6.861152e-20 
6.923077e-01 2.307692e-01 3.425836e-18 1.225413e-18 
6.923077e-01 3.076923e-01 5.080305e-18 -5.870782e-19 
6.923077e-01 3.846154e-01 2.532096e-18 -2.106348e-18 
6.923077e-01 4.615385e-01 4.545175e-18 2.799131e-18 
6.923077e-01 5.384615e-01 3.775984e-18 -4.055668e-18 
6.923077e-01 6.153846e-01 4.135057e-18 1.009843e-18 
6.923077e-01 6.923077e-01 3.412352e-18 8.948946e-19 
6.923077e-01 7.692308e-01 5.277894e-18 3.838359e-18 
6.923077e-01 8.461538e-01 3.407260e-18 2.459022e-18 
6.923077e-01 9.230769e-01 4.598281e-18 -1.868017e-19 
6.923077e-01 1 3.519052e-18 -2.638854e-18 
7.692308e-01 0 -3.197947e-20 -8.390682e-19 
7.692308e-01 7.692308e-02 -6.455602e-19 -1.112196e-18 
7.692308e-01 1.538462e-01 -7.885973e-20 -5.572876e-19 
7.692308e-01 2.307692e-01 -8.695839e-19 1.314207e-19 
7.692308e-01 3.076923e-01 9.663205e-20 -6.340669e-19 
7.692308e-01 3.846154e-01 -1.674077e-18 -1.695476e-18 
7.692308e-01 4.615385e-01 5.337425e-19 3.066883e-18 
7.692308e-01 5.384615e-01 -1.964169e-18 -4.414813e-18 
7.692308e-01 6.153846e-01 1.098353e-18 1.112284e-18 
7.692308e-01 6.923077e-01 -2.025173e-18 -9.205089e-19 
7.692308e-01 7.692308e-01 1.341238e-18 1.781477e-18 
7.692308e-01 8.461538e-01 -1.519162e-18 4.388732e-18 
7.692308e-01 9.230769e-01 -6.865907e-19 1.512107e-18 
7.692308e-01 1 -1.049628e-18 -5.274838e-18 
8.461538e-01 0 1.831385e-18 5.772734e-19 
8.461538e-01 7.692308e-02 1.165535e-18 1.281858e-18 
8.461538e-01 1.538462e-01 1.338981e-18 2.800122e-19 
8.461538e-01 2.307692e-01 8.539334e-19 2.275820e-18 
8.461538e-01 3.076923e-01 2.636017e-18 -2.189176e-18 
8.461538e-01 3.846154e-01 -6.781713e-20 -2.421926e-18 
8.461538e-01 4.615385e-01 1.226397e-18 2.606784e-18 
8.461538e-01 5.384615e-01 2.158794e-18 -4.386780e-18 
8.461538e-01 6.153846e-01 1.475268e-18 2.911743e-19 
8.461538e-01 6.923077e-01 6.810635e-19 -5.410846e-19 
8.461538e-01 7.692308e-01 1.005043e-18 2.154148e-18 
8.461538e-01 8.461538e-01 3.389003e-18 1.478716e-18 
8.461538e-01 9.230769e-01 -5.833039e-19 -1.616107e-18 
8.461538e-01 1 8.351785e-19 -4.466375e-18 
9.230769e-01 0 -3.782340e-18 -1.038772e-18 
9.230769e-01 7.692308e-02 -1.299687e-18 -1.219686e-18 
9.230769e-01 1.538462e-01 -1.171148e-18 -5.717681e-19 
9.230769e-01 2.307692e-01 -2.088515e-18 5.984624e-19 
9.230769e-01 3.076923e-01 -1.085660e-18 -2.509939e-19 
9.230769e-01 3.846154e-01 -2.029187e-18 -2.983716e-18 
9.230769e-01 4.615385e-01 -1.393831e-18 2.263691e-18 
9.230769e-01 5.384615e-01 -2.197736e-18 -4.921511e-18 
9.230769e-01 6.153846e-01 -4.119556e-19 -9.204691e-19 
9.230769e-01 6.923077e-01 -2.583741e-18 -1.129083e-18 
9.230769e-01 7.692308e-01 -6.980805e-19 5.284499e-19 
9.230769e-01 8.461538e-01 -2.332793e-18 1.389715e-18 
9.230769e-01 9.230769e-01 -9.511013e-19 2.720447e-19 
9.230769e-01 1 2.896157e-19 -3.900702e-18 
1 0 3.801622e-18 1.528377e-18 
1 7.692308e-02 2.971118e-18 1.872873e-18 
1 1.538462e-01 2.951331e-18 1.640050e-18 
1 2.307692e-01 3.627963e-18 2.121147e-18 
1 3.076923e-01 2.587788e-18 -7.853334e-19 
1 3.846154e-01 2.916471e-18 1.321465e-18 
1 4.615385e-01 2.802371e-18 4.268682e-18 
1 5.384615e-01 2.375833e-18 -1.692127e-18 
1 6.153846e-01 4.296456e-18 4.843610e-18 
1 6.923077e-01 2.050918e-18 -1.890813e-20 
1 7.692308e-01 2.924637e-18 7.682397e-18 
1 8.461538e-01 4.203916e-18 5.161382e-18 
1 9.230769e-01 3.799272e-18 1.596942e-18 
1 1 1.496062e-18 -5.562291e-18 
