0 0 0 0 
0 1.111111e-01 0 0 
0 2.222222e-01 0 0 
0 3.333333e-01 0 0 
0 4.444444e-01 0 0 
0 5.555556e-01 0 0 
0 6.666667e-01 0 0 
0 7.777778e-01 0 0 
0 8.888889e-01 0 0 
0 1 0 0 
1.111111e-01 0 0 0 
1.111111e-01 1.111111e-01 0 0 
1.111111e-01 2.222222e-01 0 0 
1.111111e-01 3.333333e-01 0 0 
1.111111e-01 4.444444e-01 0 0 
1.111111e-01 5.555556e-01 0 0 
1.111111e-01 6.666667e-01 0 0 
1.111111e-01 7.777778e-01 0 0 
1.111111e-01 8.888889e-01 0 0 
1.111111e-01 1 0 0 
2.222222e-01 0 0 0 
2.222222e-01 1.111111e-01 0 0 
2.222222e-01 2.222222e-01 0 0 
2.222222e-01 3.333333e-01 0 0 
2.222222e-01 4.444444e-01 0 0 
2.222222e-01 5.555556e-01 0 0 
2.222222e-01 6.666667e-01 0 0 
2.222222e-01 7.777778e-01 0 0 
2.222222e-01 8.888889e-01 0 0 
2.222222e-01 1 0 0 
3.333333e-01 0 0 0 
3.333333e-01 1.111111e-01 0 0 
3.333333e-01 2.222222e-01 0 0 
3.333333e-01 3.333333e-01 0 0 
3.333333e-01 4.444444e-01 0 0 
3.333333e-01 5.555556e-01 0 0 
3.333333e-01 6.666667e-01 0 0 
3.333333e-01 7.777778e-01 0 0 
3.333333e-01 8.888889e-01 0 0 
3.333333e-01 1 0 0 
4.444444e-01 0 0 0 
4.444444e-01 1.111111e-01 0 0 
4.444444e-01 2.222222e-01 0 0 
4.444444e-01 3.333333e-01 0 0 
4.444444e-01 4.444444e-01 0 0 
4.444444e-01 5.555556e-01 0 0 
4.444444e-01 6.666667e-01 0 0 
4.444444e-01 7.777778e-01 0 0 
4.444444e-01 8.888889e-01 0 0 
4.444444e-01 1 0 0 
5.555556e-01 0 0 0 
5.555556e-01 1.111111e-01 0 0 
5.555556e-01 2.222222e-01 0 0 
5.555556e-01 3.333333e-01 0 0 
5.555556e-01 4.444444e-01 0 0 
5.555556e-01 5.555556e-01 0 0 
5.555556e-01 6.666667e-01 0 0 
5.555556e-01 7.777778e-01 0 0 
5.555556e-01 8.888889e-01 0 0 
5.555556e-01 1 0 0 
6.666667e-01 0 0 0 
6.666667e-01 1.111111e-01 0 0 
6.666667e-01 2.222222e-01 0 0 
6.666667e-01 3.333333e-01 0 0 
6.666667e-01 4.444444e-01 0 0 
6.666667e-01 5.555556e-01 0 0 
6.666667e-01 6.666667e-01 0 0 
6.666667e-01 7.777778e-01 0 0 
6.666667e-01 8.888889e-01 0 0 
6.666667e-01 1 0 0 
7.777778e-01 0 0 0 
7.777778e-01 1.111111e-01 0 0 
7.777778e-01 2.222222e-01 0 0 
7.777778e-01 3.333333e-01 0 0 
7.777778e-01 4.444444e-01 0 0 
7.777778e-01 5.555556e-01 0 0 
7.777778e-01 6.666667e-01 0 0 
7.777778e-01 7.777778e-01 0 0 
7.777778e-01 8.888889e-01 0 0 
7.777778e-01 1 0 0 
8.888889e-01 0 0 0 
8.888889e-01 1.111111e-01 0 0 
8.888889e-01 2.222222e-01 0 0 
8.888889e-01 3.333333e-01 0 0 
8.888889e-01 4.444444e-01 0 0 
8.888889e-01 5.555556e-01 0 0 
8.888889e-01 6.666667e-01 0 0 
8.888889e-01 7.777778e-01 0 0 
8.888889e-01 8.888889e-01 0 0 
8.888889e-01 1 0 0 
1 0 0 0 
1 1.111111e-01 0 0 
1 2.222222e-01 0 0 
1 3.333333e-01 0 0 
1 4.444444e-01 0 0 
1 5.555556e-01 0 0 
1 6.666667e-01 0 0 
1 7.777778e-01 0 0 
1 8.888889e-01 0 0 
1 1 0 0 
