0 0 0 0 
0 2.500000e-01 0 0 
0 5.000000e-01 0 0 
0 7.500000e-01 0 0 
0 1 0 0 
2.500000e-01 0 0 0 
2.500000e-01 2.500000e-01 0 0 
2.500000e-01 5.000000e-01 0 0 
2.500000e-01 7.500000e-01 0 0 
2.500000e-01 1 0 0 
5.000000e-01 0 0 0 
5.000000e-01 2.500000e-01 0 0 
5.000000e-01 5.000000e-01 0 0 
5.000000e-01 7.500000e-01 0 0 
5.000000e-01 1 0 0 
7.500000e-01 0 0 0 
7.500000e-01 2.500000e-01 0 0 
7.500000e-01 5.000000e-01 0 0 
7.500000e-01 7.500000e-01 0 0 
7.500000e-01 1 0 0 
1 0 0 0 
1 2.500000e-01 0 0 
1 5.000000e-01 0 0 
1 7.500000e-01 0 0 
1 1 0 0 
