0 0 -4.726345e-15 -4.807210e-15 
0 1.111111e-01 -3.606866e-15 4.339199e-15 
0 2.222222e-01 -5.352663e-15 5.138540e-15 
0 3.333333e-01 -4.592563e-15 3.015971e-15 
0 4.444444e-01 -6.336920e-15 6.892804e-15 
0 5.555556e-01 -4.522537e-15 -5.452528e-15 
0 6.666667e-01 3.585654e-15 6.719396e-15 
0 7.777778e-01 -8.359427e-15 -1.378577e-14 
0 8.888889e-01 -8.316222e-15 -4.547782e-15 
0 1 -3.385560e-15 2.599500e-15 
1.111111e-01 0 3.708751e-15 -5.142756e-15 
1.111111e-01 1.111111e-01 3.419102e-15 2.780546e-15 
1.111111e-01 2.222222e-01 3.041242e-15 3.667277e-15 
1.111111e-01 3.333333e-01 4.078951e-15 4.128875e-16 
1.111111e-01 4.444444e-01 3.046297e-15 3.546403e-15 
1.111111e-01 5.555556e-01 2.683433e-15 -4.034829e-15 
1.111111e-01 6.666667e-01 -6.961811e-16 1.167702e-14 
1.111111e-01 7.777778e-01 8.236624e-15 -1.392725e-14 
1.111111e-01 8.888889e-01 3.003555e-15 -8.349152e-15 
1.111111e-01 1 3.145973e-15 9.605889e-15 
2.222222e-01 0 -1.845138e-14 -4.220189e-15 
2.222222e-01 1.111111e-01 -6.186665e-15 6.183817e-15 
2.222222e-01 2.222222e-01 -8.338787e-15 6.689972e-15 
2.222222e-01 3.333333e-01 -9.914310e-15 4.544975e-15 
2.222222e-01 4.444444e-01 -7.961631e-15 7.115182e-15 
2.222222e-01 5.555556e-01 -7.775605e-15 -2.742352e-15 
2.222222e-01 6.666667e-01 -6.723227e-15 1.386502e-14 
2.222222e-01 7.777778e-01 -1.185313e-14 -7.520853e-15 
2.222222e-01 8.888889e-01 -2.956811e-15 -9.339901e-16 
2.222222e-01 1 -5.937772e-15 -2.429040e-15 
3.333333e-01 0 6.688328e-15 -9.785603e-15 
3.333333e-01 1.111111e-01 1.457874e-14 2.449742e-15 
3.333333e-01 2.222222e-01 5.382474e-15 1.240504e-15 
3.333333e-01 3.333333e-01 1.279947e-14 2.231715e-15 
3.333333e-01 4.444444e-01 9.812199e-15 5.659313e-15 
3.333333e-01 5.555556e-01 1.352027e-14 -3.032567e-15 
3.333333e-01 6.666667e-01 9.626485e-15 9.146580e-15 
3.333333e-01 7.777778e-01 1.427828e-14 -1.485810e-14 
3.333333e-01 8.888889e-01 5.027960e-15 -1.115420e-14 
3.333333e-01 1 9.632164e-15 1.310919e-14 
4.444444e-01 0 -7.288460e-15 1.406159e-15 
4.444444e-01 1.111111e-01 -1.872093e-14 8.880826e-15 
4.444444e-01 2.222222e-01 -9.179191e-15 9.713356e-15 
4.444444e-01 3.333333e-01 -1.353589e-14 4.066844e-15 
4.444444e-01 4.444444e-01 -1.699736e-14 4.885348e-15 
4.444444e-01 5.555556e-01 -1.175139e-14 -8.888499e-16 
4.444444e-01 6.666667e-01 -1.805959e-14 9.852196e-15 
4.444444e-01 7.777778e-01 -1.361380e-14 -9.333571e-15 
4.444444e-01 8.888889e-01 -1.166857e-14 -2.705789e-15 
4.444444e-01 1 -1.783416e-14 1.573198e-15 
5.555556e-01 0 2.660208e-14 -1.531143e-14 
5.555556e-01 1.111111e-01 1.799781e-14 -3.079147e-15 
5.555556e-01 2.222222e-01 9.600327e-15 6.149559e-16 
5.555556e-01 3.333333e-01 1.660777e-14 -3.967148e-15 
5.555556e-01 4.444444e-01 1.423760e-14 8.225587e-15 
5.555556e-01 5.555556e-01 1.644681e-14 -1.050425e-14 
5.555556e-01 6.666667e-01 1.286006e-14 1.024068e-14 
5.555556e-01 7.777778e-01 1.753816e-14 -1.563617e-14 
5.555556e-01 8.888889e-01 1.380285e-14 -1.142337e-14 
5.555556e-01 1 5.805340e-15 4.156374e-15 
6.666667e-01 0 -3.876582e-14 4.370212e-15 
6.666667e-01 1.111111e-01 7.742550e-15 8.710005e-15 
6.666667e-01 2.222222e-01 -7.381395e-15 1.163247e-14 
6.666667e-01 3.333333e-01 2.299367e-15 1.002310e-14 
6.666667e-01 4.444444e-01 -4.557652e-15 4.890815e-15 
6.666667e-01 5.555556e-01 -1.397108e-15 3.413608e-15 
6.666667e-01 6.666667e-01 -3.747171e-15 2.070900e-14 
6.666667e-01 7.777778e-01 -2.619733e-15 -5.206561e-15 
6.666667e-01 8.888889e-01 -1.008315e-14 1.174108e-15 
6.666667e-01 1 2.457341e-14 6.570220e-15 
7.777778e-01 0 1.304606e-14 -1.530498e-14 
7.777778e-01 1.111111e-01 -1.371147e-14 -1.185383e-15 
7.777778e-01 2.222222e-01 -5.987577e-15 -5.958042e-15 
7.777778e-01 3.333333e-01 -1.135719e-14 -9.731019e-15 
7.777778e-01 4.444444e-01 -1.502980e-14 2.296081e-15 
7.777778e-01 5.555556e-01 3.471593e-15 -1.200855e-14 
7.777778e-01 6.666667e-01 -2.684151e-15 -7.032196e-15 
7.777778e-01 7.777778e-01 -6.539784e-15 -2.196375e-14 
7.777778e-01 8.888889e-01 1.156606e-16 -1.621082e-14 
7.777778e-01 1 -2.487682e-14 1.320740e-15 
8.888889e-01 0 -4.883212e-14 3.188693e-15 
8.888889e-01 1.111111e-01 9.301307e-15 1.078745e-14 
8.888889e-01 2.222222e-01 -5.091744e-15 1.658151e-14 
8.888889e-01 3.333333e-01 1.193489e-14 1.476983e-14 
8.888889e-01 4.444444e-01 -3.174967e-15 8.057660e-15 
8.888889e-01 5.555556e-01 -1.364343e-14 7.370946e-15 
8.888889e-01 6.666667e-01 1.344416e-15 2.909232e-14 
8.888889e-01 7.777778e-01 -5.867220e-15 1.004767e-15 
8.888889e-01 8.888889e-01 -3.192722e-14 2.842372e-15 
8.888889e-01 1 3.901851e-14 8.775597e-15 
1 0 7.091900e-14 -2.476314e-14 
1 1.111111e-01 -4.403095e-15 1.242858e-15 
1 2.222222e-01 4.543953e-16 2.179036e-16 
1 3.333333e-01 -3.411337e-15 -1.799970e-14 
1 4.444444e-01 8.132441e-15 1.151768e-14 
1 5.555556e-01 2.795153e-14 -1.366896e-14 
1 6.666667e-01 -4.804422e-15 -9.434798e-15 
1 7.777778e-01 7.246768e-16 -3.182069e-14 
1 8.888889e-01 3.645273e-14 -1.701736e-14 
1 1 -2.105343e-14 2.125512e-14 
